-7.790700237746107426e+00
-7.801212145517092189e+00
-7.772303181484311985e+00
-7.770873895836625245e+00
-7.810678079072798319e+00
-7.773487348984132517e+00
-7.792785537430845899e+00
-7.709312982723402818e+00
-7.770873667450609368e+00
-7.793665371685301047e+00
-7.709312959947886235e+00
-7.770873715356343858e+00
-7.750330746295046147e+00
-7.770873669111019844e+00
-7.764908068386962903e+00
-7.764908060408084900e+00
-7.770873662776003776e+00
-7.770873662332863141e+00
-7.789351222655066742e+00
-7.787958374020093721e+00
-7.709312990069954630e+00
-7.773280261048554074e+00
-7.764908050388595662e+00
-7.770873667881194713e+00
