-4.250209976678296364e-01
-4.250209979718072573e-01
-4.250209976604911732e-01
-4.250209978299652747e-01
-4.250209978938452871e-01
-4.250209979363138713e-01
-4.250209976016544600e-01
-4.250209979855765763e-01
-4.250209976935644951e-01
-4.250209974634319154e-01
-4.250209978502782482e-01
-4.250209976201391182e-01
-4.250209979889887357e-01
-4.250209978138247413e-01
-4.250209978103161035e-01
-4.250209975672114560e-01
-4.250209975998863188e-01
-4.250209979149855988e-01
-4.250209972091479882e-01
-4.250209976123527911e-01
-4.250209975142167362e-01
-4.250209975921220851e-01
-4.250209973061468416e-01
-4.250209978959172963e-01
-4.250209978143349998e-01
-4.250209975700800502e-01
-4.250209979989424403e-01
-4.250209978706003255e-01
-4.250209977124621563e-01
-4.250209980015465794e-01
-4.250209963403991376e-01
-4.250209979360699553e-01
-3.555734967543442426e-01
-4.250209978563407320e-01
-4.250209976981973448e-01
-4.250209979743564404e-01
-4.250209978170192970e-01
-4.250209978487119455e-01
-4.250209975393265394e-01
-4.250209970567795370e-01
-4.250209976330612260e-01
-4.250209979832574314e-01
-4.250209979285413109e-01
-4.250209978191491489e-01
-4.250209978980817871e-01
-4.250209976678633872e-01
-4.250209971653691188e-01
-4.250209977530502448e-01
-4.250209971100992190e-01
-4.250209976354943908e-01
