-8.202257914705783914e-01
-7.902731107272145117e-01
-8.174261075324569248e-01
-8.202908742045056378e-01
-7.375054857840719347e-01
-7.825140546514350870e-01
-7.872302964880986131e-01
-8.184041986566970017e-01
-8.232931046208702419e-01
-7.392417091462650802e-01
-8.132114327816757360e-01
-8.154901326694370400e-01
-7.911355255323253566e-01
-8.131931244214514187e-01
-8.133867921513981969e-01
-8.188065155121431182e-01
-8.138293643518115239e-01
-8.174393060190781046e-01
-6.095181368003945721e-01
-8.137715270665302203e-01
-8.138420027167494464e-01
-8.202897376342348501e-01
-7.945500980560065152e-01
-8.207306234221707353e-01
-8.024804274311829744e-01
-8.154901327138914802e-01
-8.131622842997126011e-01
-7.841102759255453858e-01
-7.900544672343046138e-01
-8.011626303635610569e-01
