-6.627702423123827957e-01
-6.588310212741282923e-01
-5.548026674246756551e-01
-6.242629674752120383e-01
-6.650143697595910508e-01
-6.591288128433175908e-01
-7.206828659309836294e-01
-7.137842659357365172e-01
-7.137761320389560682e-01
-6.701870068375523903e-01
-6.706377756418830938e-01
-6.638205091213065234e-01
-6.687438121645532529e-01
-7.117153531299896807e-01
-7.110786519340338563e-01
-7.137993019096828817e-01
-6.728928401359033362e-01
-7.110800699284101078e-01
-7.104444298601303442e-01
-7.137843319821742805e-01
